0
0.42293846801305807
0.45766982742143625
0.46910540604902295
0.4700322109744938
0.492689626619924
0.525889774276954
0.42559622012939663
0.5007663476415476
0.47764753524926007
0.4354809993071746
0.44077974914062173
0.5847844771775481
0.4288778129542035
0.513820950374252
0.446114564673909
0.43849868293154126
0.437710449174349
0.4643671809759768
0.4224878870710369
0.4563499834287331
0.5117144915034401
0.41721284897337096
0.4656832527091537
0.47134282033322333
0.43719876262139623
0.45527716213831737
0.4481756242701682
0.4426190369107903
0.5089963149202547
0.4970364454715055
0.41881879484304085
0.45487599520595184
0.46718315791938075
0.42332380482258936
0.4795579886617194
0.43042555909540686
0.1618052365176304
0.49928438050649315
0.48601556245338223
0.5232448461649541
0.501626251938844
0.4405724864459552
0.48397316223597064
0.4550105657595843
0.41867565329744394
0.4989851637022832
0.45742938065347816
0.4874889656202955
0.4516910559352378
0.5016376874930836
0.44436618161466035
0.5016422859952854
0.5038180117811092
0.47980232686991603
0.635849784256577
0.4909126815006523
0.43968912069239824
0.4490420010755284
0.46138642181403516
0.42922386312778293
0.4684297128227778
0.5299249046479755
0.8777341942857647
0.4705684067099433
0.48673735773211035
0.6271698632161327
0.45056328932025425
0.8751481519199185
0.45576761693506945
0.5191995029651998
0.40670260638541433
0.4618083079977537
0.48934504768976633
0.41454381781315774
0.4243971518275671
0.4819096905260773
0.48998411901274785
0.44550509962009477
0.47544831916268
0.4774292679546188
0.6181718611670599
0.43523617059942943
0.4635827411438955
0.42531323251475234
0.5118329413061683
0.5291356932064981
0.4290516310198599
0.42901400681226504
0.44420019217539203
0.49327078152575543
0.419390468509096
0.5484654842781567
0.49409464889288873
0.48259402010355185
0.41485304168938314
0.5135797858863045
0.5149856427677963
0.443090273967572
0.4333780813505129
0.5093723123444023
0.440170017186373
0.45050818595232767
0.44716843835839587
0.42352742130996024
0.46772908520809653
0.5683438527891859
0.4798112424205789
0.4149846687088783
0.4655804780682801
0.4842320136418055
0.6060515072333704
0.5231793301174847
0.43137360256552937
0.4736434281379571
0.4650755067013839
0.47438544598343363
0.5704047017449165
0.4892756079011699
0.574912261241765
0.5625936487090362
0.46479437921224326
0.46613249846312155
0.441544662639957
0.4751976870309503
0.49695639180448653
0.48418618208518166
0.45451164991563264
0.6452202740645827
0.44867370394453526
0.4680652029669632
0.5009320533625852
0.47839906266939025
0.47896046534281106
0.46239128263940515
0.6127253570074874
0.5137407010363682
0.49128791138809225
0.4473469600801247
0.5343615522435139
0.5412387027390454
0.42770256341191254
0.5327647370045152
0.4234598754487648
0.5153729994422619
0.4573837990353098
0.5241442693804669
0.4268023856317527
0.5116593473436206
0.47505471297117324
0.5554163437771087
0.5118242173556106
0.4495202572198964
0.5093734828242851
0.5593372337577391
0.42376607469764677
0.4873073815152887
0.5478747909483429
0.44217821522026723
0.48241706626374997
0.47053480678481496
0.5249036862531977
0.5025752030623276
0.1729010757404482
0.1729010757404482
0.7950989711814502
0.4555958981577119
0.4655860393250579
0.4265791193910667
0.5229916617571889
0.6799301416623594
0.4950555145142156
0.45582783812249106
0.5638592926398802
0.4982202438338258
0.5603845828326416
0.41798850002021787
0.523305115350121
0.5689943157944276
0.1765365748202801
0.4426641602550776
0.5343103689739765
0.499767827612414
0.41807009086704405
0.5256349662005243
0.5178013315552268
0.4118357322184781
0.13265521147027853
0.4762298365745104
0.5136679881484584
0.13196346140645576
0.4564036582839224
0.4888812957646621
0.57650475337685
0.4571446954518884
0.5166443070992951
0.08575847515576325
0.44107450541044063
0.5757251808996089
0.4579668772996394
0.5126538533683174
0.45784838713422565
0.4736800444126351
0.5010800195525268
0.4375009660228811
0.4736800444126351
0.6239218961028391
0.44916205885780125
0.11199560984034035
0.4193060292604444
0.44931439188442296
0.11199560984034035
0.4223767429041109
0.4505926000457659
0.45666685505055826
0.4081078551261157
0.4285222216115663
0.4851352462032926
0.4961014664759314
0.47025343550467774
0.45987010053711624
0.8114785754245051
0.5419596706922232
0.45966796987886577
0.7830063264022624
0.43218733821164224
0.48271512821788104
0.4381372471602493
0.4894563086221907
0.4573775243544536
0.43031322476639244
0.4636302459628082
0.4323433428015345
0.466291842950788
0.4495146646862671
0.43624308715821847
0.4714562061292356
0.4652698353852196
0.4339114410063847
0.4446495360646462
0.45753303372254045
0.42406531343835135
0.4428386898631855
0.5384316191128007
0.45704502976323996
0.4627702215472255
0.4564845398075882
0.4236734816042679
0.6906603521739694
0.47930245998300625
0.49614259295275615
0.4268549789925675
0.5075030327572192
0.4288172995341045
0.47847291021745386
0.49872991116005205
0.4586987552229254
0.6106158158601668
0.45937676154635315
0.484540602408391
0.47711947928783016
0.4541420084578522
0.4378888112533357
0.4691503773952106
0.5051769335786745
0.42893951057025986
0.4160752805177798
0.47235204564149325
0.07803590514022705
0.43763126026105453
0.4695515490833802
0.5810346164853543
0.42405834795809433
0.5810346164853543
0.5134934472617501
0.43693719968740063
0.5790100618577779
0.47981102638323225
0.45275885984303005
0.5258406422006622
0.48646277319296904
0.46417591063696323
0.4284975702572647
0.5254582081931257
0.46417591063696323
0.41924354985207984
0.5503747777430602
0.6303364062409349
0.48334029786513316
0.4512303725022052
0.49361638768472643
0.4975136221950761
0.504626576533903
0.42310813689385934
0.4834773326756313
0.13018920296500033
0.4369873083797387
0.48502412759300767
0.5864502098154997
0.44809370992704267
0.5733630004759094
0.5426174520336238
0.4313002131729701
0.5088917955863826
0.49973645155783236
0.41427897995381685
0.5376252980678139
0.5536786149202668
0.42929885216595315
0.07053808929206984
0.4307592491249955
0.42623945794692797
0.07053808929206984
0.4297605574799362
0.4344736039064933
0.47920213221020286
0.45062356529640857
0.6242648141571455
0.47920213221020286
0.5110826761980326
0.5037852277041154
0.46241589470993427
0.4893125498982315
0.6288883411041281
0.5444850583542783
0.5025445993017057
0.4427103628568388
0.47070187088192944
0.5080026591475977
0.4247578810559403
0.5619964215935191
0.4260837532559427
0.45570774598138386
0.5139793608111749
0.4670367763711886
0.4352821125151013
0.5483999505487049
0.42050630226125374
0.49530760991129835
0.5622759030036099
0.6045536668847905
0.4386668931446699
0.5075889315569803
0.43159438538012
0.5684287297372209
0.5075889315569803
0.7132408942780136
0.4852154433418483
0.7813669773740769
0.503771567690873
0.5559515642425843
0.4150293173654697
0.5067016611149946
0.5421677634260411
0.4184340809650299
0.5432231263177772
0.4837278982201201
0.4192009189197482
0.4613358318913304
0.4928046234993173
0.4504113066292045
0.06127029187533812
0.47313240121656874
0.4079591021409808
0.4940392761644627
0.4583440783289505
0.5145252881468382
0.46384931304408417
0.517809589458465
0.6036300777679594
0.451475548080867
0.4849223809798339
0.5919835236261569
0.5366289106931378
0.4315838524651656
0.5408577225062994
0.5226407122688986
0.41732090827485874
0.48369413334358075
0.5226407122688986
0.47531942908695385
0.493597865707619
0.45711035591356786
0.4220447598684386
0.44755803313362263
0.4932245299871075
0.4321169116130034
0.6043336606234073
0.4534585241127439
0.42092859999046084
0.49428027833739
0.4830193073071036
0.07174261906631693
0.48272278301517024
0.4685396752227927
0.47038079791173687
0.5893807957205945
0.44391497106381106
0.5763518684625235
0.4379683918444516
0.5735611569538133
0.41715230473787007
0.5405294566581689
0.5552701735593045
0.45087251698676545
0.5145618171893185
0.5454896752249311
0.19619450863386587
0.502988858348618
0.49117576185453543
0.7168800884872318
0.42075547259164253
0.49094852544085305
0.46313683597527927
0.4837903191141233
0.41787355450309255
0.48805022631364603
0.540645534448525
0.7739762453155404
0.44753471517633586
0.46616701787616294
0.4446033187032459
0.4473273440781001
0.5080716356598597
0.42186083595847385
0.2062735621010453
0.5337353406709392
0.4263581957956471
0.4595364399952211
0.5106383457846997
0.46157403578010714
0.43014484091777544
0.6302923349904763
0.4906270333945495
0.505529361626226
0.5449374817103895
0.4457829582449376
0.4849917462752745
0.7834672887538562
0.4468053082595777
0.4584755885403358
0.09671318894935181
0.4255030250298278
0.09671318894935181
0.4399893614033352
0.416736558004826
0.5251974211188719
0.4892016815343954
0.4343449210877928
0.6795660679440291
0.5959001284527196
0.47883196051328164
0.4506729532695557
0.44186973183924755
0.41358321419313704
0.4993099851552261
0.5065922363863667
0.40993664492517
0.4993099851552261
0.5006655240551565
0.4285301886975449
0.4597713213020708
0.5060728214409831
0.4422231090707919
0.5293656483245447
0.4488698478846405
0.42575041944614156
0.14973781631110716
0.4985304239515416
0.4506666303985673
0.4544728673113182
0.44436788389927856
0.4811399643296438
0.4543979591718369
0.46827181030544385
0.4256154509409747
0.4530415482249558
0.4524905985807329
0.4286944259720282
0.4524905985807329
0.5291987385631225
0.42874145136991554
0.44372684168615717
0.4409815202041559
0.48120737883697606
0.45932090274313037
0.4981647771072476
0.42980075177623545
0.5233759137281065
0.4983000277429624
0.4264168664756723
0.4664236778223488
0.5510121309751005
0.49368497480507145
0.48525631532718944
0.06197285434348086
0.46245224618059444
0.48516751574832184
0.49289177013826235
0.5334797506651507
0.4898366019857506
0.4714247499475954
0.5700056328469474
0.4301679138197828
0.6250160552305457
0.4945745911308547
0.45670326638432934
0.486693281831861
0.5199126049569304
0.5134221288560799
0.4258187346080481
0.46365143927645014
0.4411045245127842
0.4900372382012013
0.5175362745550586
0.4659261980508998
0.42173422375976155
0.44676004796445506
0.4126915512026582
0.5458435701233337
0.44676004796445506
0.412852169143896
0.5375026396110473
0.4674187899910259
0.41940933733166663
0.4766257867937701
0.4674187899910259
0.41764748897885373
0.5396829521561571
0.47628852146180184
0.4338745667476169
0.5491171626323655
0.47628852146180184
0.44462934986120206
0.5086897473650794
0.4400603147028255
0.4372178543592479
0.4622915306272356
0.4508235889497053
0.44960679462953057
0.756056500689698
0.4995859568233292
0.44779023524677236
0.5070820749978168
0.4902029677017521
0.42229432441692266
0.08468932833981155
0.5028691496257186
0.4171045813929083
0.5689227340562981
0.48563691954519184
0.40981650606054376
0.48440179274048
0.43476160935901703
0.44704685054255205
0.4793148556246426
0.4744932228312643
0.7612870662057208
0.4806713092788701
0.10014566318580766
0.44246867597182615
0.5334852175715683
0.47534251745211153
0.4057217735277524
0.5223656614237348
0.45994704793388896
0.43449774109014894
0.5039860292810397
0.509536643753442
0.41136523560926325
0.47184010484415906
0.435273432311527
0.14544803264988457
0.5078144174948889
0.44928011550719343
0.44045552732063736
0.4677878605823351
0.5434942151917562
0.4677878605823351
0.42056406627762644
0.5048253758313805
0.4651238809265973
0.6025951933299585
0.5300777161195495
0.4582847389886465
0.47968805984103813
0.5874115717924879
0.47053751822624057
0.41762705031959924
0.5657323853831827
0.47053751822624057
0.4118174934373535
0.427741589532541
0.473660041998792
0.4345960506225038
0.44432897165296714
0.5317157067147247
0.49030971260680395
0.4460936029552927
0.4625732791185981
0.414737700858305
0.5608275516166656
0.5360201540848195
0.4540113803318795
0.5623360402405756
0.4956949873846988
0.4268161555107939
0.43435149914355203
0.5062179545654143
0.4559972347244688
0.4574051850966847
0.5578013106096286
0.48825232070965224
0.4553403879254716
0.44570094660299486
0.6135888408753857
0.5033749243743608
0.4345746033342814
0.46442321880059134
0.44674946360325424
0.43586600921848295
0.5066671176508196
0.4622612503806123
0.4571742113917458
0.45435808711096587
0.43374198847300033
0.5159279845706143
0.4977180475140173
0.4138419171909927
0.5469170983393254
0.4432102914503111
0.46132151339715605
0.5239917202229543
0.526111577342141
0.4140488612793576
0.4348400605788148
0.45241956297450614
0.48234160872335174
0.456758384246087
0.5328052749024603
0.44643733135505614
0.445918715988447
0.4956204812706467
0.8388052759374014
0.4824515908337872
0.46008611061260907
0.4177832635791304
0.5663988545681106
0.49251867889666895
0.4322328733479444
0.47086079029005584
0.18581178496536996
0.4177619434679087
0.5901832696369799
0.4592091306061388
0.5000789687537636
0.41850097015960325
0.08712580154092364
0.49285552330857924
0.41737715050715096
0.46135959835160795
0.5328673715020272
0.4934838437719781
0.49143728007678217
0.42840327886255625
0.552347647277987
0.4810131695623104
0.45559259229433535
0.42661108603071235
0.5814488336351
0.429809044762661
0.45012654133218394
0.45868148837646994
0.5641012137375833
0.4762755584083999
0.4203241406707681
0.47060095416084924
0.511472696168798
0.44717056835616376
0.44719840705850344
0.6292355660751098
0.4939288215516984
0.5566157913003658
0.515653750204297
0.42617581436163526
0.5039085071280063
0.4687724107192933
0.4268857294285145
0.4887019167105552
0.41639572948584236
0.4486737941901716
0.4641115879007239
0.542643959188069
0.4228836138841305
0.5362567663909101
0.48290146102223186
0.44840574326390387
0.4615448820067683
0.5084879542688518
0.7713991490173545
0.45814968272292256
0.5436354880183939
0.4440099138958285
0.48061512723071853
0.45814968272292256
0.437221168513926
0.4811238771415877
0.45853773637857537
0.5066836362401288
0.12402581513296276
0.5472888643151
0.43063299197693317
0.45366083268216806
0.4409009523847262
0.488586651652394
0.4393624620716863
0.49496106307257776
0.42846851792897306
0.6350467737290544
0.4286518383572587
0.4682110709329374
0.4681980869742003
0.4330550974722266
0.4216718793062454
0.46414871475275105
0.4592984393513007
0.4521270418955116
0.4772939734713239
0.42152377518650297
0.5101532199817741
0.47249099737884376
0.4270051909806047
0.4736978935954127
0.4302949534174689
0.48323119577462054
0.5659999850102384
0.410886284878071
0.5529844485546784
0.5019693368623747
0.5329400772358497
0.42912299651209673
0.4846934829589663
0.432740740770128
0.5181748376030024
0.4484368177922592
0.41050028333281363
0.5304872060817999
0.4463914662282595
0.8077831463287617
0.4858690598043572
0.46885641299346176
0.5747279135982227
0.5252190507596389
0.48238577230098806
0.4795868399756248
0.41519075338017136
0.4393596964717877
0.44004183201412134
0.527515664201822
0.4485078443536151
0.4463461361253869
0.5389536453901722
0.4463461361253869
0.4483779109392663
0.4506595584462759
0.4108650277216374
0.4463010742401202
0.49976823611072835
0.4434721397580819
0.5803335279006134
0.5062178332940099
0.4222789257762774
0.5398877729098127
0.5916521446431564
0.5063174546529176
0.46555965601032623
0.4385086285637364
0.5128664333840199
0.44113317660454476
0.44307650268490006
0.507389655809295
0.4841024325922177
0.41746363211123777
0.4763981095200523
0.6537631876648762
0.4214017586277729
0.5258715458141127
0.4368949697739596
0.768944423371603
0.48188780840862727
0.4839700127772897
0.5213346784848197
0.7055563717053281
0.4617414103830222
0.5344812719327264
0.44487609732131994
0.4617414103830222
0.41873005308763195
0.6000355707199796
0.524693134799967
0.4481190326047177
0.42424881175040824
0.526554324504756
0.520611234184775
0.42515522489969926
0.5242970264891802
0.48207816309622437
0.484403399692421
0.46242398037127497
0.6023035692500761
0.5129769419216282
0.4925564351726221
0.4200231788422996
0.4913675702877127
0.4925564351726221
0.4157079358876546
0.5388627525751556
0.4874337721392534
0.48673511571469286
0.5773796115561705
0.46127032402137663
0.4262133683185889
0.5476734083453093
0.5544103323765734
0.5544103323765734
0.41782638485015827
0.4881347087566895
0.4185782388330037
0.47378759761307887
0.516805010153622
0.41407339353477135
0.5509964545136979
0.6062888523765996
0.4287723432559568
0.5319532970626175
0.4850376223728997
0.40838072666109154
0.42683999340669515
0.45217428754138206
0.4584943241240979
0.4901512374627335
0.5522963385071341
0.4253582665848314
0.4351571494048468
0.4489768958093423
0.45865196442582784
0.561554902227064
0.6460083218803696
0.4908897418350957
0.49311639680602787
0.5073658026392526
0.418735932979669
0.581078902156078
0.4462675195623836
0.4366914937098661
0.5485574723722658
0.4401221478780551
0.5177147845188278
0.4570151843075201
0.423702159474714
0.4961585382629037
0.4364441872038077
0.4218976035416604
0.5062123579402305
0.48396692975837896
0.5867308121219543
0.4996441696024974
0.43400783060635933
0.49565574507513116
0.4403299561115489
0.5330765704446428
0.4310809357822868
0.48315764327276384
0.48291880456460934
0.42633689754926307
0.42194440305966335
0.4570840105303093
0.5146184867583585
0.4661151721816097
0.4803570070144198
0.555750923771282
0.42463108214254514
0.49530657733253153
0.6414753352518308
0.4515605632019155
0.4197810296551638
0.46365373715507974
0.4171775949102903
0.4252265245974874
0.5115079752485618
0.45706162635986164
0.5060022951068804
0.45433894646186807
0.4323041099426746
0.5106229352101748
0.4773267082450538
0.4773217194693349
0.43760965331577095
0.4773267082450538
0.4236268909857915
0.5455625372264141
0.49708949889159115
0.435170909813137
0.5188992615175498
0.49708949889159115
0.7490783121657544
0.4423000931021749
0.4619808801191985
0.45412119345121815
0.45364002258321673
0.5845180710527659
0.47975949517766
0.45671552970435775
0.41951586137625274
0.44776292383417704
0.46182268189258346
0.43769001006408226
0.5413457198604463
0.44310502040972755
0.4423291428874458
0.5413457198604463
0.4280132036497659
0.4917180607831551
0.5413457198604463
0.7081350217283473
0.5318166131881367
0.5413457198604463
0.47117206654955196
0.46965138528447076
0.5293616278245259
0.5315822675300346
0.5213705332787729
0.4887824456221393
0.5947767315265922
0.41629900954884375
0.5518366785746565
0.4192672319688972
0.5276460239397152
0.48822112781205573
0.6345272812797896
0.43756924327769914
0.5276912922206848
0.569838267076035
0.5721922246059713
0.4933579915522378
0.4231228681491096
0.6360856543545358
0.4535303307404344
0.42697165497710643
0.542112598260159
0.462752334985475
0.4943623390860886
0.5718837978724273
0.13638496048205348
0.42429996656838176
0.5306096599389093
0.46731371163988333
0.4248028223035082
0.5910549376701714
0.20937285970305855
0.4841954489830068
0.5291378241673073
0.5055899165473766
0.41480660336871494
0.4917197630342554
0.47355308291291254
0.4234765697133537
0.47177957773135104
0.7714772477033963
0.522066413521679
0.47177957773135104
0.44040078335668825
0.5564496694519846
0.42891770942577495
0.571340819570814
0.5557648051552919
0.46833878833163667
0.45669491148837454
0.45061093817488224
0.539783841309414
0.4324393537225552
0.5728310257783176
0.576227334497012
0.4377862559794074
0.16203283273490687
0.4614303423400183
0.5584944871260589
0.5288680133916408
0.4415080769092593
0.4660171018470511
0.46962176212922424
0.44747545494548085
0.4469596551955765
0.4506203452360824
0.42507884890041653
0.5923833290101274
0.560155680704029
0.4317047159909749
0.4938249099919146
0.43439020659134264
0.4065143297674694
